3     2.032705e+01 
11    2.148484e+01 
12    2.089052e+01 
15    2.691525e+01 
16    2.768148e+01 
17    2.846952e+01 
20    2.209646e+01 
22    2.474148e+01 
23    2.544584e+01 
24    2.617024e+01 
26    2.928000e+01 
29    2.272550e+01 
30    2.337246e+01 
31    2.405617e+01 
34    3.097082e+01 
35    3.011354e+01 
39    2.269388e+01 
43    3.185250e+01 
47    -4.000000e+01 
48    2.086217e+01 
49    -4.000000e+01 
51    -4.000000e+01 
52    3.275928e+01 
53    3.388155e+01 
56    2.081641e+01 
57    2.468081e+01 
58    2.567706e+01 
59    2.996586e+01 
60    3.091243e+01 
61    3.562801e+01 
62    3.485108e+01 
65    -4.000000e+01 
66    2.081641e+01 
67    -4.000000e+01 
69    -4.000000e+01 
70    3.684160e+01 
71    3.582236e+01 
79    4.000000e+01 
